67000.000854 29000.000723 29999.999242 35000.000935 57000.001107 59999.998484 59000.001784 0.000000 
49999.998737 66000.000515 55000.000430 40999.999328 45000.000682 41999.999667 59000.001784 0.000000 
38999.998651 83999.999333 40999.999328 43000.000005 54000.000091 41999.999667 51999.999414 0.000000 
51999.999414 48000.001698 51999.999414 49999.998737 62999.999500 75000.003562 96000.003396 0.000000 
73000.002885 28000.000384 91000.001703 48999.998398 48999.998398 73000.002885 73000.002885 0.000000 
41999.999667 39999.998990 62999.999500 58000.001445 49999.998737 79999.997979 49999.998737 0.000000 
38999.998651 50999.999075 50999.999075 97999.996797 43000.000005 80999.998318 70000.001870 0.000000 
66000.000515 47000.001359 40999.999328 50999.999075 58000.001445 92000.002041 38999.998651 0.000000 
41999.999667 38999.998651 38999.998651 33000.000258 44000.000344 37000.001612 41999.999667 0.000000 
49999.998737 28000.000384 29999.999242 22000.000172 40999.999328 41999.999667 20999.999833 0.000000 
62999.999500 39999.998990 43000.000005 39999.998990 50999.999075 49999.998737 35000.000935 0.000000 
40999.999328 48000.001698 5437999.963760 48999.998398 43000.000005 40999.999328 41999.999667 0.000000 
47000.001359 48999.998398 94000.002719 49999.998737 51999.999414 52999.999753 33000.000258 0.000000 
61999.999161 65000.000177 44000.000344 47000.001359 51999.999414 48000.001698 88000.000687 0.000000 
41999.999667 44000.000344 41999.999667 69000.001531 45000.000682 49999.998737 48000.001698 0.000000 
3000.000106 3000.000106 3000.000106 3000.000106 3999.999990 1191999.996081 22000.000172 0.000000 
3000.000106 3000.000106 4999.999874 3000.000106 3000.000106 335999.997333 117000.003229 0.000000 
1234999.974258 3559000.091627 1026000.012644 1695999.992080 1275000.046007 277000.013739 1403999.980539 0.000000 
1999.999995 1999.999995 1999.999995 3000.000106 3000.000106 3000.000106 3999.999990 0.000000 
3000.000106 1999.999995 3000.000106 3000.000106 3000.000106 3999.999990 4999.999874 0.000000 
3000.000106 3000.000106 3999.999990 3999.999990 3999.999990 4999.999874 6000.000212 0.000000 
3999.999990 1999.999995 3000.000106 4999.999874 14999.999621 2564999.973401 4999.999874 0.000000 
1999.999995 3000.000106 18000.000637 18999.999156 2739999.908954 1184999.942780 29999.999242 0.000000 
3000.000106 1999.999995 3999.999990 3999.999990 14999.999621 92000.002041 4999.999874 0.000000 
1999.999995 1999.999995 1999.999995 1999.999995 1999.999995 3999.999990 1999.999995 0.000000 
1999.999995 20999.999833 17000.000298 1999.999995 9000.000318 3000.000106 1999.999995 0.000000 
1999.999995 3000.000106 3000.000106 3000.000106 3000.000106 3000.000106 1999.999995 0.000000 
